1.0 0.798977035781 0.484057626971
0.0 0.178982703854 0.944975849527
0.0 0.534831130832 0.689820332814
1.0 0.502937305683 0.315823290203
1.0 0.400588889092 0.355690945523
0.0 0.606800246038 0.663462322385
1.0 0.690592411109 0.544183965326
1.0 0.759957379947 0.477454731604
1.0 0.675823683867 0.262107336226
0.0 0.273507815482 0.947555141594
1.0 0.982368685794 0.155397986196
1.0 0.906706767599 0.00185899367839
1.0 0.830417057412 0.603223907842
0.0 0.714459573108 0.881923999766
1.0 0.713824995318 0.00671939934933
1.0 0.882911521465 0.429689711131
1.0 0.930884651377 0.0784974587412
0.0 0.24762468507 0.318332378786
0.0 0.548337780228 0.93262761418
1.0 0.856186038481 0.0453544372442
1.0 0.560607006897 0.230434340218
0.0 0.29358085205 0.322143807683
1.0 0.995359455597 0.522459726506
1.0 0.379720378136 0.298061521043
0.0 0.35854036902 0.637021667666
1.0 0.335683561411 0.0845664927957
0.0 0.263437262543 0.884747871722
0.0 0.0680840898011 0.719783967786
0.0 0.889291624802 0.926157630404
1.0 0.881027569589 0.673459174668
0.0 0.267390790293 0.540645938567
1.0 0.910441176784 0.00919656094286
0.0 0.128616463734 0.516186007115
0.0 0.794409562718 0.804112464025
0.0 0.0329922875164 0.0504869530289
1.0 0.315134398575 0.102426529221
0.0 0.412615596155 0.941861526486
0.0 0.388985277748 0.700789206214
0.0 0.29403113111 0.736969298242
1.0 0.51131009014 0.0151181062879
0.0 0.917210652039 0.934086439987
1.0 0.485174984273 0.352063672349
0.0 0.364550298544 0.453592483809
0.0 0.743556129495 0.870889227025
0.0 0.524471854278 0.980479113308
0.0 0.550179547733 0.744614074122
1.0 0.688421760705 0.337648374129
1.0 0.806420126304 0.207975784439
1.0 0.489540047962 0.121609214466
0.0 0.216883914666 0.283491976387
0.0 0.139324377984 0.558102301653
0.0 0.346756323951 0.408774739801
0.0 0.0180574391186 0.826401187994
0.0 0.0666896333221 0.766424129352
0.0 0.793604103451 0.915601808788
1.0 0.672980298596 0.471378403162
1.0 0.994831522433 0.529592972848
0.0 0.443715167997 0.965133441378
1.0 0.383742705893 0.278011017995
1.0 0.573141578375 0.257006971079
0.0 0.0322375100355 0.24966879014
0.0 0.325387682724 0.346096225997
1.0 0.287352938635 0.135704128632
0.0 0.573623618514 0.696484879509
1.0 0.710279549123 0.678760316013
0.0 0.111239287186 0.730960348115
1.0 0.987614313541 0.574102205664
1.0 0.506550625194 0.479452545904
0.0 0.271654791766 0.433905794313
0.0 0.000870449896221 0.214295468043
1.0 0.597441265554 0.515017383423
1.0 0.920570460623 0.222407189667
1.0 0.997062610787 0.541011962876
0.0 0.328470366588 0.908400719464
0.0 0.359750951362 0.436667492316
1.0 0.966862345733 0.402049810643
1.0 0.38174045069 0.249714768929
0.0 0.73840972792 0.877468680238
1.0 0.821064017676 0.671530126338
0.0 0.306856702775 0.706849082835
0.0 0.5873375906 0.826421776002
1.0 0.778292304766 0.297341951463
0.0 0.321865325087 0.748629147648
1.0 0.237878202682 0.216821306456
0.0 0.0622919400247 0.177548030578
0.0 0.781979234856 0.787496107591
0.0 0.215055830978 0.702759133077
1.0 0.679589635289 0.632072872661
1.0 0.506600097983 0.488541381205
0.0 0.526382322375 0.68405340816
1.0 0.401129798276 0.350748435831
1.0 0.698284389275 0.4080182346
0.0 0.0221254710629 0.202292960947
1.0 0.526191616507 0.0942197238821
1.0 0.963601958319 0.0635748393189
0.0 0.328473656525 0.726063400475
0.0 0.726249404076 0.786506961247
0.0 0.0121743181642 0.696052164026
0.0 0.409162033709 0.709157749234
1.0 0.504504286306 0.356288408159
0.0 0.198467085341 0.962308892645
1.0 0.322286107006 0.0490525120682
1.0 0.691341337028 0.285507104085
0.0 0.0384169386127 0.674337168038
1.0 0.504349295215 0.354487772932
0.0 0.0473540113246 0.593547910827
0.0 0.669092144297 0.778507089593
0.0 0.574079840098 0.86026430359
0.0 0.224744975309 0.447777374456
0.0 0.230164778451 0.826345421671
0.0 0.100773394244 0.980467199939
1.0 0.728456681461 0.00210482296611
1.0 0.884144053641 0.675319170779
1.0 0.832242538818 0.631515926969
0.0 0.202202897434 0.495597385095
0.0 0.341178070429 0.394293810778
1.0 0.932925052598 0.807877091782
1.0 0.965233637512 0.609408983116
1.0 0.61535572018 0.127580024712
1.0 0.630692181357 0.00196235543086
0.0 0.290225389859 0.532137211923
0.0 0.127860552383 0.725953011897
1.0 0.442382793034 0.429490176178
1.0 0.531311088278 0.0171239680403
1.0 0.696997739678 0.192243974573
1.0 0.936061987225 0.421603918226
0.0 0.565275314795 0.68681829337
0.0 0.239502686781 0.962596691523
1.0 0.862698042331 0.656768196862
0.0 0.317597119469 0.941826644293
0.0 0.569744070291 0.78730204052
1.0 0.6340163262 0.329892546122
1.0 0.564143518765 0.0337050541308
0.0 0.484280774183 0.782156622364
1.0 0.877675033095 0.646316915491
1.0 0.708317472917 0.490527177331
1.0 0.299444826659 0.0623142024536
0.0 0.170252029379 0.454104928926
1.0 0.604174402468 0.258828442558
1.0 0.558495470253 0.411730530131
1.0 0.326287621041 0.318042958308
1.0 0.464954687769 0.104792616565
1.0 0.791752662748 0.0180954434406
1.0 0.583798199716 0.418629101537
0.0 0.378876521674 0.641612314915
0.0 0.581178257378 0.595441885204
0.0 0.155249977523 0.441956841751
1.0 0.717561772023 0.256337121099
1.0 0.181717210606 0.0671341996614
1.0 0.844661746078 0.580871970736
1.0 0.710477576295 0.37160758408
1.0 0.688130871173 0.0482833271076
0.0 0.23825928478 0.804327919399
0.0 0.52852585429 0.812860813074
1.0 0.914414518957 0.048331820991
1.0 0.877182584709 0.447530721105
0.0 0.258088195705 0.628275038214
0.0 0.360477991529 0.441122171233
1.0 0.0863664095034 0.0612682575866
0.0 0.152592534134 0.967723060446
0.0 0.581762276835 0.945663042581
1.0 0.465127657567 0.100934240056
1.0 0.95438697022 0.542503141572
0.0 0.842805581526 0.987813998175
0.0 0.18018990243 0.272789336886
1.0 0.344767775993 0.135123614178
0.0 0.0888375008181 0.350811890306
1.0 0.286672512926 0.00816085886787
1.0 0.92056119933 0.209584549627
0.0 0.00239230616552 0.412650940238
0.0 0.0492920451665 0.612025573725
1.0 0.792474332139 0.273463290759
1.0 0.498805131132 0.0544319905934
0.0 0.800906397907 0.900981631497
0.0 0.640015676636 0.853868301917
0.0 0.417085951938 0.447148991737
1.0 0.521150369657 0.231924542385
0.0 0.20422262761 0.525139966731
1.0 0.842772238242 0.511467198033
0.0 0.267389003677 0.336638621287
0.0 0.74636343714 0.793112238947
0.0 0.243789205077 0.952341904645
0.0 0.775389372819 0.969762714865
1.0 0.982601387191 0.289857225565
0.0 0.149052655556 0.758286177781
1.0 0.653829617547 0.644953752773
0.0 0.184240694514 0.744765839033
0.0 0.247472130208 0.607380107074
0.0 0.081067268427 0.208772048862
1.0 0.761506298196 0.442284126807
1.0 0.872828166265 0.265477474063
0.0 0.0601867304102 0.843418034877
0.0 0.549543325494 0.67302526795
0.0 0.389363230486 0.567744316738
0.0 0.717403416282 0.73058530221
0.0 0.186036449346 0.331443926114
0.0 0.22891953643 0.526079161613
0.0 0.0515680628729 0.0791100623639
1.0 0.818463000217 0.217272053511
0.0 0.453773080968 0.607358466166
1.0 0.953890238756 0.927229752825
0.0 0.572262145038 0.722236118355
1.0 0.499804967894 0.357792932971
0.0 0.342395249119 0.444256879845
0.0 0.107553255387 0.863137591876
1.0 0.314584478579 0.206814844336
1.0 0.754229910956 0.402783966073
1.0 0.784376416818 0.459743852343
0.0 0.302141698547 0.487722340661
1.0 0.750912051912 0.52306097335
0.0 0.162403056791 0.94585574065
0.0 0.25414299991 0.936752173448
1.0 0.974473051672 0.380043577442
1.0 0.654269866165 0.258461917936
0.0 0.176711426367 0.575676629721
1.0 0.946392316504 0.37177805688
1.0 0.605746328171 0.0882676886723
1.0 0.486390684721 0.0699313889506
0.0 0.0844141450002 0.147281763361
0.0 0.26020710253 0.518046527977
0.0 0.0634825287433 0.612166317104
1.0 0.90388191037 0.183138375937
0.0 0.832724020939 0.969008344077
1.0 0.788470611203 0.279684802779
1.0 0.565048423606 0.437805972955
1.0 0.523292935607 0.388652124127
0.0 0.280019386244 0.85578005078
0.0 0.0158251662406 0.325533919774
0.0 0.0365207167237 0.581296912803
1.0 0.72326979676 0.237227992745
1.0 0.969022781937 0.869173957149
0.0 0.397841342648 0.825760952249
0.0 0.538415568076 0.560507427783
1.0 0.83167279922 0.473598877647
1.0 0.880002929831 0.377227663811
0.0 0.545396508364 0.984178782665
0.0 0.263289522136 0.744956808896
0.0 0.102073071307 0.806510494027
1.0 0.747169939886 0.0918150304931
0.0 0.114866487215 0.3748601831
0.0 0.380824494977 0.609014826147
0.0 0.00621715005404 0.513081154057
1.0 0.207411753565 0.068228106385
1.0 0.998085052432 0.60657313263
0.0 0.24910625196 0.935055680776
0.0 0.298313580476 0.952510338719
1.0 0.22586837677 0.0953233488838
1.0 0.774619347334 0.491028207811
1.0 0.179474032502 0.137820921207
1.0 0.571313409319 0.0394577164136
1.0 0.458478547634 0.134595339208
0.0 0.122256486514 0.596385153001
1.0 0.88167156472 0.518826838396
1.0 0.800884651715 0.111794353815
1.0 0.763275447191 0.477054260211
1.0 0.180324582068 0.0591925289382
1.0 0.516447047101 0.492742876084
1.0 0.612089121838 0.187771031438
0.0 0.894353981328 0.929723537432
0.0 0.376264405632 0.670830817098
1.0 0.867307297889 0.545163358841
0.0 0.282953090597 0.691729638514
1.0 0.851810632153 0.60245558503
0.0 0.120771562561 0.199008275169
1.0 0.974654730243 0.725105256113
1.0 0.75833583351 0.352883989734
0.0 0.0333957842827 0.419532577177
0.0 0.046823099101 0.962821303177
0.0 0.321389566676 0.867450202546
1.0 0.929925206649 0.395783184067
0.0 0.550644810836 0.698735527955
1.0 0.900013267635 0.791848263131
0.0 0.00419203631585 0.393737555232
0.0 0.455982480936 0.76420768284
1.0 0.337863207185 0.0602248286816
1.0 0.571546470655 0.313893843416
1.0 0.613825866354 0.55311204034
0.0 0.0288394972343 0.395107888449
0.0 0.421643409513 0.829864977586
0.0 0.276603137777 0.445681044253
0.0 0.257057768409 0.763266510233
0.0 0.352975862975 0.679827938781
1.0 0.569080167068 0.233197506889
0.0 0.329653081171 0.36470233996
1.0 0.881250658061 0.87626341434
0.0 0.632311323939 0.714863606354
0.0 0.206800565067 0.426381475214
1.0 0.933002054158 0.0291241498781
1.0 0.263203961801 0.0813358074185
0.0 0.838944146877 0.936051607604
0.0 0.529454800033 0.801702912207
0.0 0.467353222339 0.553696041144
1.0 0.307374157942 0.122577358038
0.0 0.440124925664 0.630813029935
1.0 0.859293070479 0.439002249325
0.0 0.195022039861 0.451827996472
0.0 0.317216410577 0.447837174366
0.0 0.36403928058 0.652154174411
0.0 0.527093698223 0.930638588895
0.0 0.60150823083 0.714725382729
0.0 0.354897415912 0.64806096027
0.0 0.105065968603 0.718132613241
1.0 0.516229846751 0.279443660362
0.0 0.235195010994 0.7357889812
1.0 0.218468466468 0.0871392517416
0.0 0.598332105055 0.651799123179
0.0 0.374787518068 0.827826309904
0.0 0.724479094519 0.754838637088
1.0 0.819225833731 0.27559672081
0.0 0.719605411308 0.744418539221
0.0 0.11740948107 0.303457174309
0.0 0.190781295385 0.862822006782
0.0 0.146543743505 0.632190117262
0.0 0.118471306394 0.937143892101
0.0 0.681507358845 0.9867978091
1.0 0.996028431804 0.821897561352
1.0 0.675773816944 0.663218985029
0.0 0.158797204971 0.750863990057
0.0 0.0394594067268 0.111471583448
1.0 0.442820262556 0.239414436207
1.0 0.352062761353 0.248011155568
0.0 0.630987487376 0.962691583355
0.0 0.266774272158 0.934870860347
0.0 0.430732740814 0.97131568522
1.0 0.965036051151 0.297498374465
1.0 0.861302748417 0.219603436779
1.0 0.780314091977 0.0672090977366
0.0 0.585743705728 0.942774647254
1.0 0.662217926939 0.499858121672
0.0 0.58920533896 0.903512911556
1.0 0.494975744615 0.428350542452
0.0 0.732595247646 0.745018070257
1.0 0.176643958907 0.0316290193436
0.0 0.0167128479606 0.194404571564
0.0 0.0619985736141 0.0810614424843
0.0 0.752250581582 0.976318071591
1.0 0.799270108895 0.181741731576
1.0 0.793300822585 0.072592982664
0.0 0.466050086869 0.702378140017
0.0 0.624097998961 0.855617974764
1.0 0.577404772351 0.0494106808527
0.0 0.153893563656 0.187834156755
0.0 0.47637467627 0.909599426104
1.0 0.819536430692 0.782365624477
1.0 0.471637540198 0.303030996834
0.0 0.628073407211 0.753401819375
1.0 0.242592765006 0.226482175733
1.0 0.234560032371 0.214412537729
0.0 0.34083093761 0.872648036755
0.0 0.388763441636 0.879667274539
1.0 0.439843060766 0.358774590498
1.0 0.439648287651 0.256233463189
0.0 0.425007281614 0.693720335313
1.0 0.956295534636 0.43958423403
1.0 0.739109280044 0.0567655731756
0.0 0.120784680254 0.973461184631
1.0 0.727914770808 0.35188565923
0.0 0.02035617399 0.0701753589286
0.0 0.213576082818 0.620677293747
0.0 0.237284855691 0.478192369592
1.0 0.671539809228 0.513447513575
1.0 0.247350641279 0.111516785178
1.0 0.398415591515 0.0246647212665
1.0 0.776464037352 0.716591611837
1.0 0.83990316474 0.401687687564
1.0 0.965516430679 0.54313462423
1.0 0.916960216998 0.562498487986
0.0 0.389413679695 0.846176624983
0.0 0.0496952916877 0.482181260787
1.0 0.795567333407 0.718810320396
0.0 0.775902375408 0.865654995231
1.0 0.838334389814 0.0874218282718
0.0 0.353451569547 0.96999204424
0.0 0.414454603195 0.813263913192
1.0 0.902469072044 0.120640133355
0.0 0.160761760338 0.164649125794
1.0 0.149782710345 0.0124342742045
1.0 0.376106209904 0.117557535654
1.0 0.771224993396 0.526470484922
0.0 0.0866035802614 0.276120677769
1.0 0.947847669033 0.255737736403
0.0 0.213959748271 0.899079536599
1.0 0.718280698205 0.189226909926
0.0 0.328809797594 0.34539534303
0.0 0.420033072121 0.571351165462
1.0 0.928630952282 0.216717327721
0.0 0.0547018522152 0.574272790479
1.0 0.462196096972 0.169606850575
0.0 0.330360974752 0.702772477456
1.0 0.307865106388 0.191849314918
0.0 0.76156673384 0.830804738015
0.0 0.498841379521 0.952940848325
0.0 0.358944595914 0.376679355451
1.0 0.668384207502 0.112389938286
1.0 0.746047542277 0.0635039367691
1.0 0.464250472946 0.16208392504
1.0 0.304756130502 0.0789115497733
0.0 0.23712132999 0.407276792946
1.0 0.755419369678 0.26307380742
1.0 0.978521930953 0.3539153332
0.0 0.265674928703 0.656258927973
1.0 0.823389605452 0.159146485257
1.0 0.946439562884 0.896434249446
1.0 0.370345780255 0.216428060947
0.0 0.0836554099861 0.597721508659
1.0 0.635439747197 0.540816022109
0.0 0.308582065861 0.851537073054
0.0 0.208161005626 0.718692151398
1.0 0.98301047919 0.168319253652
0.0 0.325945458812 0.806927504754
0.0 0.411905537038 0.481347798361
1.0 0.618515695731 0.37519802636
1.0 0.130777261942 0.0578915886006
0.0 0.316483665802 0.843006425572
1.0 0.724841849583 0.466208379306
1.0 0.711622679265 0.414400213128
0.0 0.533451512795 0.976210888123
0.0 0.539228192862 0.950578621855
1.0 0.922110764104 0.417657802186
0.0 0.755899624957 0.862556144167
1.0 0.850310390966 0.00234939198411
0.0 0.0247713821231 0.982685343987
0.0 0.233334913739 0.5839454428
1.0 0.993125152269 0.536304027022
0.0 0.507232440674 0.577110610456
0.0 0.389128880245 0.392308046652
1.0 0.586720637184 0.289896868715
0.0 0.781346785387 0.979443488966
0.0 0.0886756085483 0.936467040498
0.0 0.357086921054 0.565692994726
0.0 0.115162740735 0.993984081918
1.0 0.258455870555 0.0375933945749
1.0 0.457826629109 0.147969856493
1.0 0.672722881115 0.0621826689982
1.0 0.435741874274 0.215587541541
0.0 0.0178508714309 0.0550728292751
0.0 0.109395924593 0.430616251614
0.0 0.544758802855 0.880704721623
1.0 0.797977638391 0.0708643306648
1.0 0.879822127678 0.401271424241
1.0 0.421959379524 0.100976738448
1.0 0.828806478874 0.22287973427
1.0 0.948056170919 0.28599154646
1.0 0.312193260762 0.0715023574785
0.0 0.171010991489 0.485839379009
0.0 0.568781655604 0.92570517856
1.0 0.525953173859 0.108128744016
1.0 0.675751594317 0.423257405208
1.0 0.999014661579 0.0781897836288
1.0 0.735080976986 0.487820885169
0.0 0.429374882663 0.605231931195
1.0 0.448497526585 0.185455191914
1.0 0.204869802891 0.131308372468
0.0 0.736889498035 0.846486625043
1.0 0.715023129851 0.576388942983
0.0 0.271752559761 0.938778875946
0.0 0.476392517012 0.774349827218
1.0 0.0516947968296 0.0507131479053
0.0 0.142780907014 0.583896223129
0.0 0.161197382951 0.625691811243
1.0 0.57959309712 0.281505092855
1.0 0.600632561572 0.0196219788881
1.0 0.380287059375 0.262007153076
0.0 0.161359245703 0.891447831
1.0 0.962191098147 0.139690183235
1.0 0.980804926671 0.883650237657
0.0 0.12164190054 0.46143324947
0.0 0.309523969007 0.430061572136
0.0 0.608174772488 0.610023651595
0.0 0.0623978455758 0.160758935923
1.0 0.778504863643 0.563035159436
0.0 0.606970743012 0.958542900346
1.0 0.461972775504 0.0807931263954
0.0 0.105037244203 0.401469555201
0.0 0.685012458065 0.784329170661
0.0 0.156195664568 0.339818173244
0.0 0.203455454395 0.868341095901
0.0 0.215153304479 0.590847598602
1.0 0.558969906936 0.447305013727
1.0 0.855916936972 0.257087378455
1.0 0.740587969204 0.471024336991
1.0 0.451713916051 0.0375255346529
1.0 0.799281866397 0.565310851003
0.0 0.397813019304 0.773137302976
0.0 0.0172428470776 0.705508171915
1.0 0.410351120629 0.13401787064
1.0 0.676752137225 0.357496202281
1.0 0.596767843904 0.340860903855
0.0 0.691109622749 0.787143110406
0.0 0.482566793348 0.568326881331
1.0 0.518107576948 0.412353305784
1.0 0.744126991842 0.437262450853
1.0 0.7822200647 0.220783631891
0.0 0.0330265383635 0.60064264346
0.0 0.105461481332 0.609926541649
1.0 0.50346476862 0.238069475089
0.0 0.834446132684 0.926384893186
1.0 0.700604558667 0.156264122787
0.0 0.399784988369 0.645048860404
1.0 0.821059424297 0.389749364548
0.0 0.448149149596 0.565412897615
1.0 0.593563357236 0.574631640326
0.0 0.348255091543 0.579223776917
1.0 0.963794001072 0.531529319315
0.0 0.257097810033 0.492941058049
1.0 0.857214225712 0.689963431134
1.0 0.836673177393 0.0294085121945
1.0 0.613511027667 0.292024993371
1.0 0.78878237252 0.605594432808
0.0 0.659479869479 0.790705370247
1.0 0.801436259144 0.206751522929
1.0 0.488448195213 0.144499605887
0.0 0.569909947571 0.912983020222
1.0 0.758534280778 0.646735926552
1.0 0.856705509213 0.412571198773
0.0 0.0141561568956 0.82485436217
0.0 0.573288863614 0.643190671481
0.0 0.314544286752 0.36345313031
0.0 0.838425733875 0.944769861757
0.0 0.0481192943482 0.544834882811
1.0 0.935769580286 0.867725984191
0.0 0.396950726327 0.53996116688
0.0 0.319429977927 0.89050082755
0.0 0.60833015304 0.684504246242
0.0 0.533312913435 0.930276100052
1.0 0.921581367741 0.754007536925
0.0 0.544371821353 0.633401799507
1.0 0.730530039457 0.322654598226
1.0 0.628497933237 0.577949066885
1.0 0.704409110292 0.587259287504
0.0 0.312824198736 0.331862840276
0.0 0.671688385662 0.920121332238
1.0 0.690334280565 0.0917620301022
0.0 0.0391486608128 0.148999827994
0.0 0.127895148381 0.797257075028
0.0 0.101616235563 0.409061008669
1.0 0.280193989153 0.167221398669
1.0 0.948195215236 0.344878710551
1.0 0.729889563316 0.0466953007438
0.0 0.268233136515 0.389543068875
0.0 0.352402554932 0.667063475464
0.0 0.598051743095 0.672241147627
1.0 0.942902334722 0.649096525745
1.0 0.340148167021 0.232026370991
1.0 0.330262526991 0.292160407203
1.0 0.961415199605 0.263009401705
0.0 0.0701352134647 0.149572809073
1.0 0.90046991358 0.535160379943
1.0 0.556601311012 0.152073259622
0.0 0.405639652924 0.579270914275
1.0 0.989653321067 0.707670667672
0.0 0.0120240970328 0.615923846224
1.0 0.920144519526 0.36925928838
1.0 0.725058738234 0.109973095545
0.0 0.049990321584 0.423115544796
0.0 0.0520062131862 0.742807944103
1.0 0.861755944103 0.592916594852
0.0 0.504154720207 0.59007480233
1.0 0.678307526278 0.438557628655
0.0 0.301633365535 0.709564918539
1.0 0.865135262731 0.410781499775
0.0 0.486919823733 0.663372659738
1.0 0.830439634478 0.266651080484
0.0 0.0318650556576 0.946359639683
0.0 0.538691749989 0.558619000083
1.0 0.870652557254 0.787651026813
1.0 0.454045052554 0.404244055075
1.0 0.913703771696 0.476506018425
0.0 0.488830720752 0.883633582682
0.0 0.585379447853 0.704566478127
0.0 0.00634125854668 0.874890762454
1.0 0.837288847959 0.273662929559
1.0 0.509941773366 0.31196631554
1.0 0.356575734716 0.159778585148
0.0 0.151369676936 0.835185343101
1.0 0.719629913735 0.0641759424351
0.0 0.490151379408 0.864497973502
1.0 0.592341298764 0.446827934751
0.0 0.113648422099 0.601243164101
1.0 0.920819024872 0.0227857830689
1.0 0.935188955424 0.163790469952
1.0 0.398442620483 0.319458676318
0.0 0.219132810809 0.999662387138
1.0 0.567448957391 0.0631079801187
1.0 0.830554976886 0.0597564436556
0.0 0.326954164879 0.612064102636
0.0 0.190640558655 0.426997715615
0.0 0.0357865010542 0.276686253734
0.0 0.649598375459 0.674189198016
1.0 0.476020985862 0.439634881449
1.0 0.975265289599 0.960148994403
0.0 0.278038017816 0.857878262324
0.0 0.490226985784 0.760056845313
1.0 0.72163811075 0.546712314838
0.0 0.608464106799 0.779627907098
1.0 0.465666485847 0.404891170065
0.0 0.0418785351478 0.441316783971
0.0 0.0392729002689 0.188314115933
0.0 0.309082492581 0.605617180536
1.0 0.941655186019 0.8075093311
1.0 0.699338568433 0.34512304399
0.0 0.253432394096 0.758269413039
1.0 0.9415162962 0.724081732505
0.0 0.489020741359 0.619359100976
1.0 0.688241235581 0.422230289094
1.0 0.926026271825 0.782286036956
0.0 0.5332981709 0.690875081611
0.0 0.00569800355409 0.405513675778
0.0 0.806615908663 0.928842267534
0.0 0.723766576338 0.956638353756
0.0 0.414207588919 0.815060565624
0.0 0.621284410801 0.624185854354
1.0 0.994760818215 0.544560587964
0.0 0.00820641272696 0.787389282008
1.0 0.825848995916 0.742956783476
1.0 0.971628200867 0.281130896562
1.0 0.748330524722 0.323968660987
1.0 0.579305029686 0.406278955802
0.0 0.242900298985 0.245524011421
0.0 0.0320657855685 0.937088908677
0.0 0.279176887809 0.861520589123
0.0 0.123773384522 0.810250876879
1.0 0.73210241847 0.167478038872
0.0 0.00745639673834 0.645883785854
0.0 0.273727060243 0.335922995632
1.0 0.40575735758 0.093835931025
1.0 0.976758361577 0.852993494167
1.0 0.676813767719 0.488279318923
1.0 0.63620875666 0.213846510425
1.0 0.902578146138 0.0169400608425
0.0 0.0162475450894 0.448459480027
0.0 0.135719564503 0.892621057662
0.0 0.406653265493 0.575913298371
1.0 0.868209516794 0.159129188143
0.0 0.0994033656763 0.112791116585
1.0 0.592601054443 0.451465379009
1.0 0.506982582829 0.0926807914035
1.0 0.420660227871 0.26910027489
0.0 0.247246517393 0.601234087348
1.0 0.86802079823 0.193541150457
1.0 0.685451109805 0.0845902343795
0.0 0.544486634964 0.727803041252
0.0 0.284640245387 0.478569760057
0.0 0.0525552936953 0.813455434392
0.0 0.307923200523 0.634434373163
0.0 0.364070611899 0.92405796707
0.0 0.338896063346 0.611685434589
1.0 0.31326206052 0.0967039050675
0.0 0.685884050885 0.730216473843
1.0 0.474583612547 0.361089713273
1.0 0.553597038248 0.392429337738
0.0 0.607273484013 0.960899002649
0.0 0.0536714892975 0.985911241511
0.0 0.248711391551 0.804126957883
0.0 0.343592979203 0.763874021569
0.0 0.240087973718 0.701227651914
0.0 0.554830449246 0.92187498631
1.0 0.83773953266 0.698006556701
0.0 0.63314995978 0.959896578549
1.0 0.230666760805 0.0825792793406
0.0 0.470179796975 0.806903038597
1.0 0.180034651588 0.135756482196
0.0 0.464808879974 0.868547792664
1.0 0.236637799811 0.0150998531879
1.0 0.966915188193 0.53916344311
1.0 0.720023810156 0.590181848821
1.0 0.770508733075 0.516272107678
0.0 0.00463990292319 0.789256074647
0.0 0.147846866622 0.283357177871
1.0 0.79138397008 0.72186018284
1.0 0.998547486631 0.738547670844
0.0 0.569148557735 0.794267879212
0.0 0.113186713768 0.218237313569
0.0 0.604389639886 0.687151785955
0.0 0.556583390557 0.793267067197
0.0 0.100222157387 0.637269373963
0.0 0.589548244278 0.755118971868
0.0 0.722559601222 0.727162448947
0.0 0.610289423765 0.677380864025
1.0 0.929944789108 0.822478769685
0.0 0.37956978148 0.726673615041
1.0 0.691125088324 0.576580283693
0.0 0.0745236889351 0.25329573157
1.0 0.722997354305 0.301426512311
1.0 0.769381930338 0.19220313046
1.0 0.963542300935 0.67659209792
0.0 0.927789766763 0.95249285302
0.0 0.581381287558 0.958356401933
1.0 0.701242053009 0.12932595993
0.0 0.236285133937 0.498326612065
0.0 0.321319679659 0.483534343606
1.0 0.76248279247 0.0866661543193
1.0 0.920576512508 0.483495549747
1.0 0.890147512559 0.56751600625
1.0 0.585074596785 0.0655180768634
0.0 0.041244597694 0.76600675669
1.0 0.468988461738 0.0547902464011
1.0 0.720882034586 0.521493396469
1.0 0.692677217237 0.42964464874
0.0 0.307465181714 0.720254900435
1.0 0.596056121442 0.589379304786
0.0 0.137131740353 0.150502633461
0.0 0.115500956282 0.293381647866
0.0 0.282296514874 0.620377896535
0.0 0.401902408568 0.919525261483
0.0 0.343006218594 0.56886597636
1.0 0.517862743996 0.237165019017
1.0 0.801814637714 0.729212485104
1.0 0.187634918042 0.0259495095407
0.0 0.320940286437 0.431292867441
0.0 0.23139510337 0.535670873487
0.0 0.075090878242 0.691531167963
0.0 0.748378879305 0.85852653798
1.0 0.89098353305 0.878971379
0.0 0.403287786335 0.912290586915
0.0 0.590538814576 0.628362263749
1.0 0.912498570391 0.745662442924
1.0 0.560976517359 0.0364838250961
0.0 0.134512957561 0.418148531812
0.0 0.0373591345332 0.433591143468
0.0 0.4767667311 0.485627066674
0.0 0.724071825633 0.996206078912
1.0 0.932303773858 0.462009167024
1.0 0.67844802216 0.250470212109
0.0 0.0181015233288 0.0481635780975
1.0 0.905450518883 0.373544493778
0.0 0.599523307776 0.615280486085
0.0 0.760252165934 0.845392729932
0.0 0.698516538355 0.945915408962
1.0 0.754572945608 0.00848927275474
0.0 0.0822899300311 0.798328662869
0.0 0.061133135298 0.701321406727
1.0 0.906911200387 0.316809027374
0.0 0.611354221778 0.800264272888
1.0 0.547774901279 0.156797206255
1.0 0.635961529076 0.0451806030103
1.0 0.725076829231 0.316584899805
1.0 0.515310620843 0.491634497229
0.0 0.654439340637 0.834176166572
1.0 0.603480735419 0.315309112155
1.0 0.405685891817 0.304419276956
0.0 0.088091209074 0.715345058879
1.0 0.378644763726 0.0456635983904
1.0 0.558459706138 0.120207772749
0.0 0.789954897247 0.928256739568
1.0 0.895957366732 0.360346318059
0.0 0.344127731977 0.946934400103
1.0 0.906863324284 0.616071836714
1.0 0.363670603783 0.0511793974142
0.0 0.0632191909419 0.217527581973
0.0 0.464694751053 0.852671238056
0.0 0.477778179261 0.635233026259
0.0 0.155292899775 0.889663627286
0.0 0.0223505619775 0.378823138435
0.0 0.604817327472 0.687478292981
1.0 0.893767978185 0.73804576737
1.0 0.70816543591 0.432073590025
1.0 0.996102155149 0.766980841584
1.0 0.666963772314 0.299368056101
0.0 0.358449280203 0.609568949891
0.0 0.429402682119 0.785013195313
1.0 0.89551467366 0.180433958574
1.0 0.98177376396 0.793438703222
0.0 0.149437672113 0.426347272731
1.0 0.470315822546 0.244178497639
1.0 0.514235538049 0.333694182191
1.0 0.431089673231 0.0438808586434
1.0 0.846789221362 0.729757635444
0.0 0.0763655926904 0.285208989874
1.0 0.665662422346 0.462925302291
1.0 0.816145596666 0.498006288198
1.0 0.947295795695 0.138615488593
1.0 0.40476305329 0.34664639494
0.0 0.789051263645 0.94327780038
1.0 0.683195411726 0.673435400788
1.0 0.97099146668 0.727801363632
0.0 0.246773601144 0.353272724328
0.0 0.928423567358 0.939743758985
1.0 0.998436068209 0.192367933687
0.0 0.528871910214 0.987397205372
0.0 0.641401044312 0.746558917644
0.0 0.8722827796 0.98752160911
0.0 0.1523887368 0.249415060783
0.0 0.647370262509 0.781859213618
1.0 0.785971234716 0.343415125681
1.0 0.872002604732 0.651518487682
1.0 0.966639239197 0.93807169661
0.0 0.14475009491 0.196152364387
0.0 0.323257521329 0.678597548514
1.0 0.610222335133 0.136547856425
0.0 0.394587367262 0.531022852179
1.0 0.556330718514 0.27733240471
0.0 0.148361787059 0.37216769193
1.0 0.693415807214 0.657396173874
1.0 0.584671361532 0.491005092575
1.0 0.89014086352 0.00917354744193
0.0 0.720382954901 0.818748981703
1.0 0.718272383337 0.505614081707
1.0 0.799493427317 0.726714413937
0.0 0.686135470971 0.934107646647
0.0 0.493640888887 0.542982568227
0.0 0.0107129691687 0.53438818445
0.0 0.29458689592 0.568048126659
0.0 0.704685839765 0.883067440322
1.0 0.877408058104 0.0297397613259
1.0 0.643405837363 0.469220853053
0.0 0.712927115345 0.84297174183
1.0 0.892627433567 0.411008986422
1.0 0.746820936256 0.666263570998
0.0 0.130119555074 0.78909461622
1.0 0.794775217204 0.708582950602
0.0 0.305529361036 0.904128763144
1.0 0.56384382398 0.10201102372
0.0 0.192542179209 0.866809467575
1.0 0.904071978044 0.449811250963
1.0 0.438108625624 0.181571392076
0.0 0.118027684387 0.327269747872
1.0 0.649299713147 0.384869570029
0.0 0.0817667642902 0.128907095601
1.0 0.745707137115 0.465684258035
1.0 0.860019553427 0.610284455443
1.0 0.242003445989 0.0472749030556
1.0 0.987439057425 0.746365905804
1.0 0.9251882727 0.738914652479
1.0 0.653366686873 0.364046016763
0.0 0.118862265667 0.455387679545
1.0 0.548234650451 0.456904189049
1.0 0.531633626288 0.331476419921
1.0 0.955754382776 0.356230104896
0.0 0.191657956903 0.573622044237
0.0 0.216285867826 0.672122566756
0.0 0.0281198145482 0.260504526209
0.0 0.633445605714 0.728268896444
0.0 0.0847554247631 0.11454847693
1.0 0.836882958698 0.345793618877
0.0 0.131423138368 0.206887675873
1.0 0.704501909468 0.171085153941
1.0 0.881916752788 0.303144426117
1.0 0.742748462771 0.345382365538
1.0 0.756367326575 0.408878521965
0.0 0.616788354508 0.70444767802
0.0 0.208474039691 0.961437561638
1.0 0.228907713531 0.199982906603
0.0 0.525256147145 0.634817277092
0.0 0.417608252262 0.938212524219
1.0 0.562646813577 0.263305405194
0.0 0.391765884745 0.445207291877
1.0 0.825417084775 0.798337237035
1.0 0.49255202847 0.375256982353
0.0 0.415394679558 0.758073644801
0.0 0.021549363575 0.58928078295
1.0 0.61812254871 0.283104146076
1.0 0.893809216818 0.675254185832
0.0 0.0564686280894 0.363676483977
0.0 0.0987222898478 0.372901952897
1.0 0.407371784167 0.16016988121
1.0 0.488418708854 0.0824975379218
1.0 0.442345187893 0.343539491511
1.0 0.516011006451 0.402859136002
0.0 0.479267801967 0.990330000021
1.0 0.635669715106 0.490434562513
0.0 0.135007221783 0.391989323888
1.0 0.679159279304 0.0659433169018
0.0 0.305449469964 0.327774771739
1.0 0.948553101751 0.789510377432
0.0 0.300596667676 0.907372993418
1.0 0.696445015495 0.496744665934
0.0 0.486461356283 0.935783430283
1.0 0.688836501588 0.0482501485738
1.0 0.759505419926 0.6457169223
1.0 0.999354425041 0.747004564482
0.0 0.305352313212 0.774824641204
0.0 0.214233665123 0.774867922944
0.0 0.620116346232 0.940378998974
1.0 0.765403368016 0.00416030727942
1.0 0.886532209672 0.408261380404
1.0 0.629237544199 0.378351810572
1.0 0.441980813607 0.230459182569
0.0 0.564271279152 0.830610853147
0.0 0.796411568184 0.976871441203
1.0 0.376546651252 0.301415933366
1.0 0.435731874125 0.0067227493768
1.0 0.343329445754 0.181310445842
1.0 0.580952247496 0.548961313258
1.0 0.717478281056 0.25418937273
1.0 0.599514671855 0.241911644854
1.0 0.900657805291 0.0557634134837
1.0 0.975724734927 0.191237667962
1.0 0.735898369105 0.200447637419
1.0 0.0600884416666 0.0496634329461
0.0 0.347618102519 0.861630484301
0.0 0.306525141161 0.82637127517
0.0 0.677773972085 0.98759436719
0.0 0.365914722616 0.971251885626
1.0 0.727559667685 0.142693661344
0.0 0.745011504304 0.834093661446
1.0 0.882219888424 0.53479884372
1.0 0.297919103688 0.00823101439746
1.0 0.893363914261 0.156421677026
1.0 0.759183924599 0.528640153482
1.0 0.863378691107 0.0635598322628
0.0 0.853188142604 0.869130006513
0.0 0.917685274107 0.951930807096
1.0 0.266580856193 0.193515405708
1.0 0.177556382094 0.0772527566619
0.0 0.923423863872 0.924788710892
1.0 0.546981450667 0.157006263016
1.0 0.93903557119 0.876704456473
0.0 0.0493587222174 0.37804290972
0.0 0.0518548628624 0.587451209657
0.0 0.545556247636 0.573859678279
1.0 0.195569377252 0.0551422964199
0.0 0.464010925878 0.841891452655
1.0 0.463421037655 0.204354777892
1.0 0.800612061126 0.213386572501
0.0 0.127544201813 0.256789900211
1.0 0.397792039874 0.0209227171745
1.0 0.88134454487 0.849106133021
1.0 0.740334150792 0.648349847817
0.0 0.0376757839322 0.102419106495
0.0 0.278957847522 0.575718404586
1.0 0.424472345001 0.366143314206
0.0 0.563984119263 0.724816987627
1.0 0.585866019618 0.366008727246
0.0 0.596070900083 0.66724594194
1.0 0.979512369601 0.317917111407
1.0 0.685805244716 0.455326208906
1.0 0.852722371754 0.0288812246703
0.0 0.590308388331 0.966259119156
1.0 0.550805892434 0.344873736425
0.0 0.683596609556 0.742326482182
1.0 0.861910298502 0.347931817442
0.0 0.396771763626 0.957557979476
0.0 0.684261249924 0.99428524374
0.0 0.344654199285 0.784650676993
1.0 0.841627625917 0.782221382126
0.0 0.0340914113128 0.606147962981
0.0 0.301852612569 0.781717811208
1.0 0.115111754426 0.106306906781
0.0 0.119695926744 0.42885256307
1.0 0.321807160567 0.12579669282
0.0 0.0300696241114 0.575817800405
1.0 0.922708633172 0.49588877043
0.0 0.16859508235 0.454399477335
1.0 0.469088221908 0.1150726574
0.0 0.118877027173 0.614377665248
0.0 0.219218043142 0.360982447818
0.0 0.206525238927 0.40131672116
1.0 0.357578960488 0.269127120919
1.0 0.777901660951 0.262132168907
0.0 0.198991496634 0.97917942571
1.0 0.50914501626 0.0426457363264
0.0 0.401541725006 0.610117543009
0.0 0.544285067708 0.991233312819
0.0 0.380222477113 0.707122350817
1.0 0.169725649098 0.151458335188
1.0 0.478677529719 0.236429369808
0.0 0.244902859316 0.396065036711
1.0 0.931343544098 0.193881874665
0.0 0.0772283173347 0.575231327473
1.0 0.686802478688 0.247485537721
0.0 0.426160228656 0.992465260049
1.0 0.08324662499 0.0446807652671
0.0 0.317018307248 0.505474625939
1.0 0.893632902093 0.603411496788
0.0 0.36407503738 0.988130760372
1.0 0.652382539136 0.626382430885
0.0 0.5483343025 0.608019151792
1.0 0.898582735496 0.393533924565
1.0 0.657102140566 0.559649693526
0.0 0.123393317171 0.435288361404
0.0 0.351620416564 0.364679420534
0.0 0.12333932254 0.56852031453
0.0 0.0662934860213 0.995047139199
0.0 0.653110847794 0.769015122509
0.0 0.435438142548 0.910532997973
1.0 0.943429613252 0.813966446121
1.0 0.925918727198 0.580967817446
0.0 0.437650350179 0.443924154786
1.0 0.75857295729 0.451589657101
1.0 0.825696398189 0.634892233053
1.0 0.992802218943 0.991222162195
0.0 0.567836175132 0.999340179796
0.0 0.521917876479 0.741275662991
1.0 0.763886728702 0.216810301158
0.0 0.138952029622 0.889848855756
1.0 0.596908087256 0.0261214544257
1.0 0.473228569791 0.160536345685
1.0 0.73789846212 0.252742100989
0.0 0.320831399167 0.553911698544
0.0 0.579530183937 0.963459838475
0.0 0.9204864194 0.953686828836
0.0 0.577064816199 0.740694721927
0.0 0.105473274697 0.578969151803
0.0 0.0759226956964 0.604112914989
1.0 0.93990089209 0.146792147961
0.0 0.197137310473 0.384684138515
1.0 0.479635866945 0.291231017013
0.0 0.457411842586 0.83217386638
0.0 0.0875774432389 0.191125752566
